3182
3180
3178
3171
3162
3161
3142
3140
3132
3129
3123
3116
3111
3108
3102
3099
3051
3043
3041
3038
3034
3025
2969
2968
2967
2963
2960
2958
2951
2945
2943
2940
2939
2938
2935
2934
2928
2923
2920
2910
2898
2891
2889
2881
2879
2863
2862
2860
2859
2856
2853
2851
2849
2846
2845
2844
2842
2839
2833
2821
2818
2813
2810
2809
2805
2804
2802
2801
2800
2798
2797
2785
2783
2781
2771
2770
2769
2767
2762
2760
2756
2755
2754
2753
2749
2747
2744
2741
2736
2735
2734
2730
2727
2724
2723
2722
2720
2718
2717
2711
2706
2705
2703
2684
2680
2674
2669
2658
2657
2653
2649
2648
2646
2645
2640
2633
2632
2630
2620
2617
2614
2613
2607
2602
2601
2600
2597
2588
2583
2582
2580
2579
2572
2562
2559
2551
2550
2549
2548
2545
2544
2540
2538
2536
2534
2527
2526
2522
2516
2513
2507
2502
2501
2494
2487
2486
2485
2483
2479
2477
2475
2471
2465
2464
2463
2459
2457
2453
2452
2449
2447
2429
2425
2424
2416
2415
2414
2411
2410
2406
2401
2398
2395
2391
2378
2375
2370
2364
2361
2342
2339
2335
2334
2327
2316
2311
2305
2303
2300
2297
2293
2291
2287
2285
2284
2283
2263
2260
2259
2258
2250
2240
2232
2230
2229
2224
2220
2216
2207
2204
2203
2192
2190
2181
2180
2173
2164
2162
2158
2157
2145
2136
2135
2132
2129
2118
2114
2113
2111
2110
2107
2106
2101
2100
2094
2070
2058
2055
2054
2047
2032
2023
2022
2018
2017
2016
2015
2013
2001
1997
1992
1990
1988
1985
1983
1980
1979
1977
1976
1973
1970
1962
1955
1950
1940
1939
1930
1929
1928
1926
1925
1923
1903
1900
1894
1885
1882
1873
1871
1870
1865
1863
1860
1852
1840
1832
1831
1827
1820
1818
1816
1811
1806
1803
1796
1791
1786
1771
1768
1763
1756
1749
1743
1734
1720
1717
1707
1704
1703
1702
1700
1697
1696
1694
1693
1688
1683
1682
1679
1665
1657
1648
1636
1630
1629
1618
1617
1615
1613
1611
1609
1589
1586
1584
1582
1580
1572
1571
1546
1543
1542
1541
1529
1528
1524
1521
1519
1516
1510
1507
1505
1500
1498
1494
1493
1490
1481
1472
1471
1467
1460
1459
1456
1445
1436
1433
1432
1431
1421
1420
1412
1407
1406
1398
1397
1382
1381
1350
1345
1344
1336
1333
1329
1313
1309
1307
1305
1304
1301
1296
1288
1276
1274
1256
1252
1250
1249
1248
1246
1236
1233
1231
1219
1214
1204
1201
1198
1185
1179
1178
1161
1149
1138
1137
1136
1134
1119
1080
1075
1071
1070
1064
1060
1056
1044
1042
1016
982
980
979
969
968
960
956
943
939
938
918
917
916
869
849
795
738
727
726
712
711
710
709
707
685
659
651
650
629
601
596
588
560
556
554
553
552
550
549
539
518
517
495
491
488
486
480
478
477
463
462
453
448
447
446
443
442
438
433
428
427
426
416
372
333
331
317
306
291
275
249
241
220
211
191
176
170
169
145
143
113
90
81
77
74
67
48
37
32
31
29
26
14
13
12
10
8
5
